cameraMatrixL=370.282288,1.106792,379.988406,0.000000,372.781703,246.538800,0.000000,0.000000,1.000000
distCoeffL=-0.327569,0.135366,0.000076,0.001674,-0.029734
cameraMatrixR=370.016952,0.526124,386.350542,0.000000,372.439849,235.876506,0.000000,0.000000,1.000000
distCoeffR=-0.338374,0.149410,-0.000578,-0.000806,-0.036097
T=702.411972,-24.810699,-3.306361
R=0.998853,0.043078,-0.020892,-0.039795,0.989637,0.137964,0.026618,-0.136975,0.990217
P1=450.45, 0, 397.05,0, 450.45, 241.37,0,    0,       1
P2=450.45, 0, 397.05,0, 450.45, 241.37,0,    0,       1
R1=0.9995,8.76e-03,-0.03041,-6.65e-03,0.9976,0.06876,0.03094,-0.06852,0.9972
R2=0.9994,-0.0353,-4.7e-03,0.03489, 0.997, -0.06874, 7.12e-03,0.06853,0.9976

