%YAML:1.0
---
cameraMatrixL: !!opencv-matrix
   rows: 3
   cols: 3
   dt: d
   data: [ 5.3340329789550719e+02, 0., 3.4251355086943488e+02, 0.,
       5.3343400885444430e+02, 2.3475335458862921e+02, 0., 0., 1. ]
cameraDistcoeffL: !!opencv-matrix
   rows: 5
   cols: 1
   dt: d
   data: [ -2.8214576769986227e-01, 4.0835305342401484e-02,
       1.2057964225382245e-03, -1.2302661908607384e-04,
       1.1410543536742011e-01 ]
cameraMatrixR: !!opencv-matrix
   rows: 3
   cols: 3
   dt: d
   data: [ 5.3699964243673185e+02, 0., 3.2744779110963270e+02, 0.,
       5.3658500487745937e+02, 2.4990015326126928e+02, 0., 0., 1. ]
cameraDistcoeffR: !!opencv-matrix
   rows: 5
   cols: 1
   dt: d
   data: [ -2.9611742621115472e-01, 1.3891047282172672e-01,
       -5.0433037124878908e-04, 9.4698014007121506e-05,
       -4.9060207935107202e-02 ]
R: !!opencv-matrix
   rows: 3
   cols: 3
   dt: d
   data: [ 9.9998525623440715e-01, 3.5314115205348695e-03,
       4.1250995721030040e-03, -3.5020114720004250e-03,
       9.9996857203988987e-01, -7.1127243833562434e-03,
       -4.1500878854679943e-03, 7.0981733689905492e-03,
       9.9996619578132073e-01 ]
T: !!opencv-matrix
   rows: 3
   cols: 1
   dt: d
   data: [ -8.3177015027081538e+01, 9.2289116174354335e-01,
       -1.2127328468718050e-01 ]
Rl: !!opencv-matrix
   rows: 3
   cols: 3
   dt: d
   data: [ 9.9995544864775876e-01, -7.5529247083223078e-03,
       5.6616294483075504e-03, 7.5729194229518420e-03,
       9.9996513477882076e-01, -3.5185392122937943e-03,
       -5.6348567925908546e-03, 3.5612575202286232e-03,
       9.9997778267009585e-01 ]
Rr: !!opencv-matrix
   rows: 3
   cols: 3
   dt: d
   data: [ 9.9993738783890651e-01, -1.1094812397782587e-02,
       1.4579230988884958e-03, 1.1089581842091502e-02,
       9.9993221386340680e-01, 3.5480773376192825e-03,
       -1.4971895243478710e-03, -3.5316874273048412e-03,
       9.9999264277665756e-01 ]
Pl: !!opencv-matrix
   rows: 3
   cols: 4
   dt: d
   data: [ 4.4828811293467260e+02, 0., 3.3378978729248047e+02, 0., 0.,
       4.4828811293467260e+02, 2.4358526802062988e+02, 0., 0., 0., 1.,
       0. ]
Pr: !!opencv-matrix
   rows: 3
   cols: 4
   dt: d
   data: [ 4.4828811293467260e+02, 0., 3.3378978729248047e+02,
       -3.7289601888589852e+04, 0., 4.4828811293467260e+02,
       2.4358526802062988e+02, 0., 0., 0., 1., 0. ]
Q: !!opencv-matrix
   rows: 4
   cols: 4
   dt: d
   data: [ 1., 0., 0., -3.3378978729248047e+02, 0., 1., 0.,
       -2.4358526802062988e+02, 0., 0., 0., 4.4828811293467260e+02, 0.,
       0., 1.2021799381876563e-02, 0. ]
